1.0471975511966 0 0.1 0
1.0295380574488 -0.423040953086456 0.1 0.1
0.969894518892711 -0.837095993536913 0.1 0.2
0.869668267450964 -1.22982676582945 0.1 0.3
0.731614746803234 -1.58590299258652 0.1 0.4
0.560159030535976 -1.88678383473466 0.1 0.5
0.361663156086401 -2.11222679817615 0.1 0.6
0.144465521127079 -2.24360822509184 0.1 0.7
-0.0814592298872875 -2.26822586259918 0.1 0.8
-0.305249210757532 -2.18286108521099 0.1 0.9
-0.516162492437436 -1.99482893598777 0.1 1
-0.704558169461614 -1.71991057339554 0.1 1.1
-0.862575980653172 -1.37821293431903 0.1 1.2
-0.984386609941726 -0.989889249381113 0.1 1.3
-1.06606843357454 -0.572292712842214 0.1 1.4
1.0471975511966 0 0.01 0
1.04702073984282 -0.0424339450866695 0.01 0.01
1.04641962009344 -0.0848592230214503 0.01 0.02
1.04539432201297 -0.127265416380996 0.01 0.03
1.04394507998742 -0.169642070034375 0.01 0.04
1.04207223318566 -0.21197867093686 0.01 0.05
1.03977622622209 -0.254264628093678 0.01 0.06
1.03705761001879 -0.296489252755587 0.01 0.07
1.03391704286458 -0.338641738908554 0.01 0.08
1.03035529166759 -0.38071114412036 0.01 0.09
1.02637323339776 -0.422686370807573 0.01 0.1
1.0219718567146 -0.464556147987019 0.01 0.11
1.01715226377527 -0.506309013576623 0.01 0.12
1.01191567221703 -0.547933297311275 0.01 0.13
1.00626341730777 -0.58941710434017 0.01 0.14
1.0471975511966 0 0.0001 0
1.04719753351525 -0.000424352446554796 0.0001 0.0001
1.04719747339865 -0.000848704884445728 0.0001 0.0002
1.04719737084681 -0.00127305730327616 0.0001 0.0003
1.04719722585973 -0.00169740969264945 0.0001 0.0004
1.04719703843741 -0.00212176204216896 0.0001 0.0005
1.04719680857986 -0.00254611434143802 0.0001 0.0006
1.04719653628708 -0.00297046658005998 0.0001 0.0007
1.04719622155909 -0.00339481874763815 0.0001 0.0008
1.04719586439587 -0.00381917083377585 0.0001 0.0009
1.04719546479746 -0.00424352282807638 0.0001 0.001
1.04719502276384 -0.00466787472014299 0.0001 0.0011
1.04719453829505 -0.00509222649957897 0.0001 0.0012
1.04719401139108 -0.00551657815598752 0.0001 0.0013
1.04719344205195 -0.00594092967897187 0.0001 0.0014
1.0471975511966 0 0.01 0
1.04702073984282 -0.0424339450866695 0.01 0.01
1.04641962009344 -0.0848592230214503 0.01 0.02
1.04539432201297 -0.127265416380996 0.01 0.03
1.04394507998742 -0.169642070034375 0.01 0.04
1.04207223318566 -0.21197867093686 0.01 0.05
1.03977622622209 -0.254264628093678 0.01 0.06
1.03705761001879 -0.296489252755587 0.01 0.07
1.03391704286458 -0.338641738908554 0.01 0.08
1.03035529166759 -0.38071114412036 0.01 0.09
1.02637323339776 -0.422686370807573 0.01 0.1
1.0219718567146 -0.464556147987019 0.01 0.11
1.01715226377527 -0.506309013576623 0.01 0.12
1.01191567221703 -0.547933297311275 0.01 0.13
1.00626341730777 -0.58941710434017 0.01 0.14
1.0471975511966 0 0.0001 0
1.04719753351525 -0.000424352446554796 0.0001 0.0001
1.04719747339865 -0.000848704884445728 0.0001 0.0002
1.04719737084681 -0.00127305730327616 0.0001 0.0003
1.04719722585973 -0.00169740969264945 0.0001 0.0004
1.04719703843741 -0.00212176204216896 0.0001 0.0005
1.04719680857986 -0.00254611434143802 0.0001 0.0006
1.04719653628708 -0.00297046658005998 0.0001 0.0007
1.04719622155909 -0.00339481874763815 0.0001 0.0008
1.04719586439587 -0.00381917083377585 0.0001 0.0009
1.04719546479746 -0.00424352282807638 0.0001 0.001
1.04719502276384 -0.00466787472014299 0.0001 0.0011
1.04719453829505 -0.00509222649957897 0.0001 0.0012
1.04719401139108 -0.00551657815598752 0.0001 0.0013
1.04719344205195 -0.00594092967897187 0.0001 0.0014
1.0471975511966 0 0.01 0
1.04702073984282 -0.0424339450866695 0.01 0.01
1.04641962009344 -0.0848592230214503 0.01 0.02
1.04539432201297 -0.127265416380996 0.01 0.03
1.04394507998742 -0.169642070034375 0.01 0.04
1.04207223318566 -0.21197867093686 0.01 0.05
1.03977622622209 -0.254264628093678 0.01 0.06
1.03705761001879 -0.296489252755587 0.01 0.07
1.03391704286458 -0.338641738908554 0.01 0.08
1.03035529166759 -0.38071114412036 0.01 0.09
1.02637323339776 -0.422686370807573 0.01 0.1
1.0219718567146 -0.464556147987019 0.01 0.11
1.01715226377527 -0.506309013576623 0.01 0.12
1.01191567221703 -0.547933297311275 0.01 0.13
1.00626341730777 -0.58941710434017 0.01 0.14
1.0471975511966 0 0.0001 0
1.04719753351525 -0.000424352446554796 0.0001 0.0001
1.04719747339865 -0.000848704884445728 0.0001 0.0002
1.04719737084681 -0.00127305730327616 0.0001 0.0003
1.04719722585973 -0.00169740969264945 0.0001 0.0004
1.04719703843741 -0.00212176204216896 0.0001 0.0005
1.04719680857986 -0.00254611434143802 0.0001 0.0006
1.04719653628708 -0.00297046658005998 0.0001 0.0007
1.04719622155909 -0.00339481874763815 0.0001 0.0008
1.04719586439587 -0.00381917083377585 0.0001 0.0009
1.04719546479746 -0.00424352282807638 0.0001 0.001
1.04719502276384 -0.00466787472014299 0.0001 0.0011
1.04719453829505 -0.00509222649957897 0.0001 0.0012
1.04719401139108 -0.00551657815598752 0.0001 0.0013
1.04719344205195 -0.00594092967897187 0.0001 0.0014
