
1.0471975511966 0 0.01 0
1.04677319874874 -0.0424352447854375 0.01 0.01
1.04592459785759 -0.0848600891154513 0.01 0.02
1.04465195673588 -0.127264112171259 0.01 0.03
1.04295558821119 -0.169636852468561 0.01 0.04
1.04083591033441 -0.211967787677912 0.01 0.05
1.03829344718812 -0.254246314629164 0.01 0.06
1.0353288298925 -0.296461729561901 0.01 0.07
1.03194279780566 -0.338603208684206 0.01 0.08
1.02813619991463 -0.380659789102668 0.01 0.09
1.02390999641276 -0.422620350187144 0.01 0.1
1.01926526045842 -0.464473595434508 0.01 0.11
1.01420318010945 -0.506208034896332 0.01 0.12
1.00872506042709 -0.547811968236249 0.01 0.13
1.00283232574225 -0.589273468483508 0.01 0.14
0.996526522076755 -0.630580366550004 0.01 0.15
0.989809319710967 -0.671720236578804 0.01 0.16
0.982682515889039 -0.712680382192814 0.01 0.17
0.97514803765191 -0.753447823712839 0.01 0.18
0.967207944787764 -0.794009286414657 0.01 0.19
0.958864432888813 -0.834351189895029 0.01 0.2
0.950119836502647 -0.874459638616615 0.01 0.21
0.940976632365631 -0.914320413701582 0.01 0.22
0.931437442705199 -0.953918966043267 0.01 0.23
0.921505038597154 -0.993240410804479 0.01 0.24
0.911182343363454 -1.03226952336994 0.01 0.25
0.900472435995265 -1.07099073681889 0.01 0.26
0.889378554585446 -1.10938814098192 0.01 0.27
0.877904099754008 -1.14744548314383 0.01 0.28
0.866052638049494 -1.18514617045141 0.01 0.29
0.853827905308677 -1.22247327408165 0.01 0.3
0.841233809956458 -1.25940953522199 0.01 0.31
0.828274436227359 -1.29593737290982 0.01 0.32
0.814954047289628 -1.33203889377313 0.01 0.33
0.80127708825254 -1.36769590370879 0.01 0.34
0.787248189037257 -1.40288992152837 0.01 0.35
0.77287216709131 -1.43760219459462 0.01 0.36
0.75815402992667 -1.47181371646399 0.01 0.37
0.743098977461245 -1.50550524654252 0.01 0.38
0.72771240414371 -1.53865733175349 0.01 0.39
0.711999900841653 -1.57125033020578 0.01 0.4
0.695967256473232 -1.60326443684209 0.01 0.41
0.679620459362877 -1.63467971103546 0.01 0.42
0.66296569830196 -1.66547610609173 0.01 0.43
0.646009363295918 -1.69563350060421 0.01 0.44
0.628758045979968 -1.72513173159495 0.01 0.45
0.611218539686314 -1.75395062936538 0.01 0.46
0.593397839146651 -1.78207005396639 0.01 0.47
0.575303139814787 -1.80946993318635 0.01 0.48
0.556941836795361 -1.83613030194262 0.01 0.49
0.538321523365854 -1.86203134295065 0.01 0.5
0.519449989080531 -1.8871534285323 0.01 0.51
0.500335217446392 -1.91147716341395 0.01 0.52
0.480985383162855 -1.93498342835367 0.01 0.53
0.461408848918593 -1.95765342442626 0.01 0.54
0.441614161740739 -1.9794687177854 0.01 0.55
0.421610048893608 -2.00041128471309 0.01 0.56
0.401405413326018 -2.02046355675897 0.01 0.57
0.38100932866837 -2.03960846576482 0.01 0.58
0.360431033782725 -2.05782948856452 0.01 0.59
0.339679926871273 -2.07511069114515 0.01 0.6
0.318765559150754 -2.09143677205193 0.01 0.61
0.297697628102566 -2.10679310481881 0.01 0.62
0.276485970310504 -2.12116577920615 0.01 0.63
0.255140553900213 -2.13454164102911 0.01 0.64
0.233671470596576 -2.14690833036375 0.01 0.65
0.212088927417347 -2.15825431792283 0.01 0.66
0.190403238023344 -2.16856893940038 0.01 0.67
0.168624813747421 -2.17784242759223 0.01 0.68
0.146764154326319 -2.18606594211025 0.01 0.69
0.124831838361126 -2.19323159651928 0.01 0.7
0.102838513533735 -2.19933248273912 0.01 0.71
0.0807948866080498 -2.2043626925685 0.01 0.72
0.0587117132460113 -2.20831733620384 0.01 0.73
0.0365997876695878 -2.21119255764236 0.01 0.74
0.0144699322008131 -2.21298554687747 0.01 0.75
-0.00766701328731713 -2.21369454881302 0.01 0.76
-0.0298002019757429 -2.21331886884258 0.01 0.77
-0.0519187907263419 -2.2118588750599 0.01 0.78
-0.0740119506972157 -2.20931599708739 0.01 0.79
-0.0960688779125101 -2.20569272152944 0.01 0.8
-0.118078803753293 -2.2009925840783 0.01 0.81
-0.140031005336495 -2.19522015832017 0.01 0.82
-0.161914815749583 -2.18838104130886 0.01 0.83
-0.18371963410952 -2.18048183599369 0.01 0.84
-0.205434935415583 -2.17153013060629 0.01 0.85
-0.227050280166869 -2.16153447512856 0.01 0.86
-0.24855532371667 -2.1505043549801 0.01 0.87
-0.269939825337454 -2.13845016207846 0.01 0.88
-0.291193656971846 -2.12538316343921 0.01 0.89
-0.312306811646794 -2.11131546749475 0.01 0.9
-0.333269411530012 -2.09625998832177 0.01 0.91
-0.354071715609769 -2.08023040797576 0.01 0.92
-0.374704126981157 -2.06324113713874 0.01 0.93
-0.395157199724074 -2.04530727429175 0.01 0.94
-0.415421645360351 -2.0264445636277 0.01 0.95
-0.435488338879577 -2.00666935192256 0.01 0.96
-0.455348324325412 -1.98599854458349 0.01 0.97
-0.474992819936326 -1.96444956109148 0.01 0.98
-0.494413222836867 -1.94204029005403 0.01 0.99
-0.513601113277657 -1.91878904407906 0.01 1
-0.532548258424422 -1.89471451467651 0.01 1.01
-0.551246615698295 -1.86983572738729 0.01 1.02
-0.569688335671615 -1.84417199733192 0.01 1.03
-0.58786576452524 -1.81774288536256 0.01 1.04
-0.605771446075165 -1.79056815499248 0.01 1.05
-0.623398123377836 -1.76266773026706 0.01 1.06
-0.64073873992513 -1.73406165472945 0.01 1.07
-0.657786440441353 -1.70477005162232 0.01 1.08
-0.674534571295912 -1.67481308545589 0.01 1.09
-0.690976680546511 -1.6442109250599 0.01 1.1
-0.707106517628763 -1.6129837082252 0.01 1.11
-0.722918032709047 -1.58115150802833 0.01 1.12
-0.738405375718249 -1.54873430092027 0.01 1.13
-0.753562895084735 -1.51575193664852 0.01 1.14
-0.768385136185432 -1.48222411006976 0.01 1.15
-0.782866839534423 -1.44817033489907 0.01 1.16
-0.797002938728727 -1.4136099194304 0.01 1.17
-0.810788558171251 -1.37856194425241 0.01 1.18
-0.824219010590989 -1.34304524197378 0.01 1.19
-0.837289794380611 -1.30707837896225 0.01 1.2
-0.849996590771541 -1.27067963909295 0.01 1.21
-0.86233526086647 -1.23386700949293 0.01 1.22
-0.874301842549081 -1.19665816826106 0.01 1.23
-0.885892547290436 -1.15907047413552 0.01 1.24
-0.897103756871178 -1.12112095807426 0.01 1.25
-0.90793202003826 -1.08282631670812 0.01 1.26
-0.918374049114471 -1.04420290762108 0.01 1.27
-0.928426716578542 -1.00526674640716 0.01 1.28
-0.93808705163304 -0.966033505449759 0.01 1.29
-0.947352236776694 -0.926518514365395 0.01 1.3
-0.956219604397203 -0.886736762050959 0.01 1.31
-0.964686633399914 -0.846702900271039 0.01 1.32
-0.972750945887112 -0.806431248719855 0.01 1.33
-0.980410303902019 -0.765935801490706 0.01 1.34
-0.987662606250866 -0.725230234884649 0.01 1.35
-0.994505885415758 -0.684327916489248 0.01 1.36
-1.00093830457034 -0.643241915457701 0.01 1.37
-1.00695815470952 -0.601985013918413 0.01 1.38
-1.01256385190397 -0.560569719445057 0.01 1.39
-1.01775393468914 -0.519008278517381 0.01 1.4
-1.02252706159818 -0.477312690903381 0.01 1.41
-1.02688200884712 -0.435494724894011 0.01 1.42
-1.03081766818034 -0.393565933322186 0.01 1.43
-1.03433304488333 -0.351537670298586 0.01 1.44
-1.0374272559693 -0.309421108597486 0.01 1.45
-1.04009952854557 -0.267227257626653 0.01 1.46
-1.04234919836473 -0.224966981916104 0.01 1.47
-1.04417570856534 -0.182651020061277 0.01 1.48
-1.04557860860591 -0.140290004056899 0.01 1.49
-1.04655755339549 -0.0978944789584551 0.01 1.5
-1.04711230262358 -0.0554749228087524 0.01 1.51
-1.04724272029126 -0.0130417667675465 0.01 1.52
-1.04694877444508 0.0293945846174206 0.01 1.53
-1.04623053711449 0.0718237330593529 0.01 1.54
-1.04508818445286 0.11423526616253 0.01 1.55
-1.04352199708192 0.15661873709482 0.01 1.56
-1.04153236063828 0.198963644363859 0.01 1.57
-1.03911976652069 0.241259411758351 0.01 1.58
-1.03628481283553 0.283495368516291 0.01 1.59
-1.03302820553771 0.325660729782309 0.01 1.6
-1.02935075976354 0.367744577416851 0.01 1.61
-1.02525340135133 0.409735841220537 0.01 1.62
-1.02073716854496 0.451623280637673 0.01 1.63
-1.01580321387492 0.493395467003667 0.01 1.64
-1.0104528062109 0.535040766401835 0.01 1.65
-1.00468733297894 0.576547323195868 0.01 1.66
-0.998508302535893 0.61790304430503 0.01 1.67
-0.991917346692994 0.659095584289863 0.01 1.68
-0.984916223379826 0.700112331316876 0.01 1.69
-0.977506819439113 0.740940394071299 0.01 1.7
-0.969691153542239 0.781566589687402 0.01 1.71
-0.961471379214576 0.821977432766266 0.01 1.72
-0.952849787959066 0.862159125550947 0.01 1.73
-0.943828812465777 0.902097549328929 0.01 1.74
-0.934411029894463 0.941778257131375 0.01 1.75
-0.924599165216483 0.981186467798044 0.01 1.76
-0.914396094601726 1.02030706147574 0.01 1.77
-0.903804848835557 1.05912457661681 0.01 1.78
-0.892828616750133 1.09762320854243 0.01 1.79
-0.881470748653801 1.13578680963318 0.01 1.8
-0.869734759741733 1.1735988912068 0.01 1.81
-0.857624333470336 1.21104262713969 0.01 1.82
-0.845143324877486 1.24810085928503 0.01 1.83
-0.832295763830124 1.28475610473619 0.01 1.84
-0.819085858180335 1.32099056497894 0.01 1.85
-0.805517996810627 1.3567861369708 0.01 1.86
-0.791596752548833 1.39212442617938 0.01 1.87
-0.777326884932782 1.42698676160506 0.01 1.88
-0.762713342804724 1.46135421280584 0.01 1.89
-0.747761266715381 1.49520760893429 0.01 1.9
-0.732475991117505 1.52852755978757 0.01 1.91
-0.716863046328878 1.56129447886278 0.01 1.92
-0.700928160244882 1.5934886083995 0.01 1.93
-0.684677259781067 1.62509004638159 0.01 1.94
-0.668116472026476 1.65607877545909 0.01 1.95
-0.651252125089075 1.68643469374008 0.01 1.96
-0.634090748615169 1.71613764739062 0.01 1.97
-0.616639073965479 1.74516746496894 0.01 1.98
-0.598904034031397 1.77350399340822 0.01 1.99
-0.580892762675901 1.80112713554959 0.01 2
-0.562612593784749 1.82801688911525 0.01 2.01
-0.544071059914758 1.85415338699908 0.01 2.02
-0.525275890527356 1.87951693874021 0.01 2.03
-0.506235009797019 1.90408807303366 0.01 2.04
-0.486956533985816 1.92784758112031 0.01 2.05
-0.467448768376929 1.9507765608887 0.01 2.06
-0.447720203761826 1.97285646151029 0.01 2.07
-0.427779512477613 1.99406912842133 0.01 2.08
-0.407635543993053 2.01439684845598 0.01 2.09
-0.38729732004377 2.03382239492825 0.01 2.1
-0.366774029319227 2.05232907245433 0.01 2.11
-0.346075021706204 2.06990076130228 0.01 2.12
-0.325209802095679 2.08652196105258 0.01 2.13
-0.304188023762164 2.10217783335147 0.01 2.14
-0.283019481326781 2.11685424353832 0.01 2.15
-0.26171410331748 2.13053780093009 0.01 2.16
-0.240281944341997 2.14321589754831 0.01 2.17
-0.218733176891205 2.15487674507918 0.01 2.18
-0.197078082792572 2.16550940986327 0.01 2.19
-0.175327044335377 2.17510384571951 0.01 2.2
-0.153490535091201 2.18365092441765 0.01 2.21
-0.131579110454954 2.19114246362471 0.01 2.22
-0.10960339793332 2.19757125216336 0.01 2.23
-0.0875740872089725 2.20293107243475 0.01 2.24
-0.0655019200102395 2.20721671987331 0.01 2.25
-0.0433976798170588 2.21042401931807 0.01 2.26
-0.0212721814350331 2.21254983820257 0.01 2.27
0.000863739529807978 2.2135920964841 0.01 2.28
0.022999237262332 2.21354977325241 0.01 2.29
0.0451234663621108 2.21242290997787 0.01 2.3
0.0672255924659062 2.21021261037954 0.01 2.31
0.0892948028350432 2.2069210369137 0.01 2.32
0.111320316874087 2.20255140390436 0.01 2.33
0.133291396547659 2.19710796735717 0.01 2.34
0.15519735666284 2.19059601151815 0.01 2.35
0.17702757498542 2.183021832258 0.01 2.36
0.198771502159233 2.17439271738129 0.01 2.37
0.220418671399007 2.16471692397746 0.01 2.38
0.241958707928478 2.1540036529471 0.01 2.39
0.263381338137003 2.14226302085243 0.01 2.4
0.284676398429552 2.1295060292549 0.01 2.41
0.305833843746706 2.11574453171538 0.01 2.42
0.326843755733141 2.10099119864354 0.01 2.43
0.347696350535066 2.08525948019252 0.01 2.44
0.368381986209093 2.06856356740273 0.01 2.45
0.388891169727143 2.05091835180492 0.01 2.46
0.409214563564113 2.03233938369705 0.01 2.47
0.429342991857236 2.01284282931229 0.01 2.48
0.449267446128205 1.99244542709689 0.01 2.49
0.468979090561363 1.97116444331584 0.01 2.5
0.48846926683339 1.94901762720264 0.01 2.51
0.50772949849205 1.926023165866 0.01 2.52
0.526751494883663 1.90219963916128 0.01 2.53
0.54552715463095 1.87756597472877 0.01 2.54
0.564048568664884 1.85214140339339 0.01 2.55
0.582308022816007 1.82594541511224 0.01 2.56
0.600297999972479 1.79899771564725 0.01 2.57
0.61801118181378 1.77131818413003 0.01 2.58
0.635440450130534 1.74292683167544 0.01 2.59
0.652578887742425 1.71384376118913 0.01 2.6
0.669419779027451 1.68408912850257 0.01 2.61
0.685956610077023 1.65368310495717 0.01 2.62
0.702183068492491 1.62264584154679 0.01 2.63
0.71809304283965 1.59099743471596 0.01 2.64
0.733680621778635 1.55875789389852 0.01 2.65
0.748940092887331 1.5259471108696 0.01 2.66
0.763865941197051 1.49258483097192 0.01 2.67
0.778452847459707 1.45869062626562 0.01 2.68
0.792695686166106 1.42428387063987 0.01 2.69
0.806589523335241 1.38938371691354 0.01 2.7
0.820129614094662 1.35400907594206 0.01 2.71
0.833311400072038 1.31817859773767 0.01 2.72
0.846130506618051 1.28191065460127 0.01 2.73
0.858582739880604 1.24522332625531 0.01 2.74
0.870664083750197 1.20813438695931 0.01 2.75
0.882370696696019 1.17066129458218 0.01 2.76
0.893698908512007 1.13282118159876 0.01 2.77
0.904645216991728 1.09463084797216 0.01 2.78
0.915206284550503 1.05610675587752 0.01 2.79
0.92537893481269 1.01726502621863 0.01 2.8
0.935160149181528 0.978121436883848 0.01 2.81
0.944547063408376 0.938691422684754 0.01 2.82
0.953536964177548 0.898990076917214 0.01 2.83
0.962127285722371 0.859032154482303 0.01 2.84
0.970315606487392 0.818832076502134 0.01 2.85
0.978099645851032 0.778403936363963 0.01 2.86
0.985477260922278 0.737761507124623 0.01 2.87
0.992446443424342 0.696918250206346 0.01 2.88
0.999005316677486 0.65588732531443 0.01 2.89
1.00515213269255 0.614681601506849 0.01 2.9
1.01088526938601 0.573313669345839 0.01 2.91
1.01620322792663 0.531795854061631 0.01 2.92
1.02110463022322 0.490140229658825 0.01 2.93
1.02558821656218 0.448358633896384 0.01 2.94
1.02965284340291 0.406462684072831 0.01 2.95
1.0332974813384 0.364463793548905 0.01 2.96
1.03652121322781 0.32237318894068 0.01 2.97
1.03932323250697 0.280201927916941 0.01 2.98
1.04170284168233 0.23796091753538 0.01 2.99
1.04365945101286 0.19566093305293 0.01 3
1.04519257738432 0.153312637146306 0.01 3.01
1.04630184337912 0.110926599479474 0.01 3.02
1.04698697654467 0.0685133165553685 0.01 3.03
1.04724780886257 0.0260832317896902 0.01 3.04
1.04708427642002 -0.0163532442549708 0.01 3.05
1.04649641928465 -0.058785713536141 0.01 3.06
1.04548438158305 -0.101203770160858 0.01 3.07
1.04404841178266 -0.143596980038647 0.01 3.08
1.04218886317647 -0.185954860619302 0.01 3.09
1.0399061945687 -0.228266860776888 0.01 3.1
1.03720097115968 -0.270522340901623 0.01 3.11
1.03407386562706 -0.312710553261721 0.01 3.12
1.03052565940009 -0.354820622697731 0.01 3.13
1.02655724412296 -0.396841527712526 0.01 3.14
1.02216962330276 -0.438762082020704 0.01 3.15
1.01736391413654 -0.480570916621918 0.01 3.16
1.0121413495119 -0.522256462463379 0.01 3.17
1.00650328017433 -0.563806933757584 0.01 3.18
1.00045117705411 -0.605210312022068 0.01 3.19
0.993986633745018 -0.646454330908765 0.01 3.2
0.987111369126105 -0.687526461891245 0.01 3.21
0.979827230117318 -0.728413900878717 0.01 3.22
0.972136194559056 -0.769103555826212 0.01 3.23
0.964040374204949 -0.809582035410707 0.01 3.24
0.955542017816517 -0.849835638843148 0.01 3.25
0.946643514347654 -0.88985034688631 0.01 3.26
0.937347396206173 -0.929611814148151 0.01 3.27
0.927656342578975 -0.969105362719745 0.01 3.28
0.917573182806715 -1.00831597722603 0.01 3.29
0.907100899793152 -1.04722830135634 0.01 3.3
0.896242633433752 -1.08582663593999 0.01 3.31
0.885001684047449 -1.12409493863029 0.01 3.32
0.873381515794873 -1.1620168252576 0.01 3.33
0.861385760065782 -1.19957557290909 0.01 3.34
0.849018218817888 -1.23675412478938 0.01 3.35
0.836282867848769 -1.27353509691194 0.01 3.36
0.823183859982104 -1.30990078666652 0.01 3.37
0.809725528149078 -1.34583318330253 0.01 3.38
0.795912388345455 -1.38131398036232 0.01 3.39
0.781749142444537 -1.41632459009178 0.01 3.4
0.767240680846053 -1.45084615984845 0.01 3.41
0.752392084940857 -1.48485959051957 0.01 3.42
0.737208629371319 -1.51834555695385 0.01 3.43
0.721695784067299 -1.55128453040194 0.01 3.44
0.705859216037791 -1.58365680295085 0.01 3.45
0.689704790898519 -1.61544251392717 0.01 3.46
0.673238574116181 -1.64662167823381 0.01 3.47
0.65646683195045 -1.6771742165731 0.01 3.48
0.639396032075465 -1.70707998749845 0.01 3.49
0.622032843863224 -1.73631882122409 0.01 3.5
0.604384138312113 -1.7648705551111 0.01 3.51
0.586456987604762 -1.79271507073515 0.01 3.52
0.568258664280466 -1.81983233242957 0.01 3.53
0.549796640008619 -1.84620242718474 0.01 3.54
0.531078583950887 -1.87180560577322 0.01 3.55
0.512112360701308 -1.89662232495784 0.01 3.56
0.492906027795019 -1.92063329062889 0.01 3.57
0.473467832777963 -1.94381950170563 0.01 3.58
0.453806209831692 -1.96616229462709 0.01 3.59
0.433929775949214 -1.98764338824786 0.01 3.6
0.413847326659754 -2.00824492894599 0.01 3.61
0.393567831302328 -2.02794953574256 0.01 3.62
0.373100427850065 -2.04674034522629 0.01 3.63
0.352454417289352 -2.06460105607139 0.01 3.64
0.331639257560021 -2.08151597293307 0.01 3.65
0.310664557064991 -2.09747004950296 0.01 3.66
0.289540067759934 -2.11244893050575 0.01 3.67
0.268275677835741 -2.12643899241929 0.01 3.68
0.246881404008712 -2.13942738270283 0.01 3.69
0.225367383435492 -2.15140205732206 0.01 3.7
0.203743865271836 -2.16235181636555 0.01 3.71
0.182021201896291 -2.17226633755457 0.01 3.72
0.160209839821717 -2.18113620745738 0.01 3.73
0.138320310319419 -2.18895295022979 0.01 3.74
0.116363219782258 -2.19570905371608 0.01 3.75
0.0943492398546776 -2.20139799275806 0.01 3.76
0.0722890973589267 -2.2060142495751 0.01 3.77
0.0501935640479831 -2.20955333109436 0.01 3.78
0.028073446216706 -2.21201178312771 0.01 3.79
0.00593957420360273 -2.21338720131032 0.01 3.8
-0.0161972081837479 -2.21367823873506 0.01 3.81
-0.0383260542861126 -2.21288461023647 0.01 3.82
-0.0604361252190968 -2.21100709329842 0.01 3.83
-0.082516600474897 -2.20804752558001 0.01 3.84
-0.104556688465642 -2.20400879907453 0.01 3.85
-0.126545636975012 -2.19889485093701 0.01 3.86
-0.148472743485369 -2.19271065103566 0.01 3.87
-0.170327365348389 -2.185462186302 0.01 3.88
-0.192098929768124 -2.17715644197348 0.01 3.89
-0.213776943566525 -2.16780137984009 0.01 3.9
-0.235351002702761 -2.15740591362362 0.01 3.91
-0.256810801519098 -2.14597988163373 0.01 3.92
-0.278146141687695 -2.13353401685971 0.01 3.93
-0.299346940834391 -2.12007991466962 0.01 3.94
-0.320403240817393 -2.10562999830018 0.01 3.95
-0.341305215640702 -2.09019748233083 0.01 3.96
-0.362043178984136 -2.07379633434349 0.01 3.97
-0.382607591333901 -2.05644123497647 0.01 3.98
-0.40298906669976 -2.03814753658584 0.01 3.99
-0.42317837890707 -2.01893122073101 0.01 4
-0.443166467454098 -1.99880885470288 0.01 4.01
-0.462944442927228 -1.97779754731294 0.01 4.02
-0.482503591968831 -1.95591490416032 0.01 4.03
-0.501835381794739 -1.9331789825908 0.01 4.04
-0.520931464260312 -1.90960824655732 0.01 4.05
-0.53978367947617 -1.88522152158583 0.01 4.06
-0.558384058976608 -1.86003795004377 0.01 4.07
-0.576724828445607 -1.83407694689988 0.01 4.08
-0.594798410007165 -1.80735815615577 0.01 4.09
-0.612597424088358 -1.77990140811939 0.01 4.1
-0.630114690865162 -1.75172667768034 0.01 4.11
-0.647343231302519 -1.72285404373572 0.01 4.12
-0.664276267801556 -1.69330364990365 0.01 4.13
-0.680907224468054 -1.66309566664987 0.01 4.14
-0.697229727017459 -1.63225025494043 0.01 4.15
-0.713237602332673 -1.60078753152144 0.01 4.16
-0.728924877691819 -1.56872753591454 0.01 4.17
-0.744285779683865 -1.5360901992046 0.01 4.18
-0.759314732830706 -1.50289531468416 0.01 4.19
-0.774006357934782 -1.46916251040761 0.01 4.2
-0.788355470171747 -1.43491122369644 0.01 4.21
-0.802357076948011 -1.4001606776264 0.01 4.22
-0.816006375543176 -1.36492985951655 0.01 4.23
-0.829298750557482 -1.32923750143055 0.01 4.24
-0.842229771184392 -1.29310206269105 0.01 4.25
-0.854795188328384 -1.25654171439922 0.01 4.26
-0.866990931587818 -1.21957432594336 0.01 4.27
-0.878813106122548 -1.182217453473 0.01 4.28
-0.890257989425628 -1.14448833030801 0.01 4.29
-0.901322028018085 -1.10640385924573 0.01 4.3
-0.912001834085324 -1.0679806067239 0.01 4.31
-0.922294182073242 -1.02923479879172 0.01 4.32
-0.932196005261613 -0.990182318837173 0.01 4.33
-0.941704392331761 -0.950838707014773 0.01 4.34
-0.950816583944907 -0.911219161314586 0.01 4.35
-0.959529969347013 -0.8713385402106 0.01 4.36
-0.967842083015255 -0.831211366824153 0.01 4.37
-0.975750601360617 -0.790851834536275 0.01 4.38
-0.983253339500431 -0.750273813981361 0.01 4.39
-0.990348248113966 -0.709490861353504 0.01 4.4
-0.997033410393527 -0.668516227956089 0.01 4.41
-1.00330703910278 -0.627362870924836 0.01 4.42
-1.00916747375332 -0.586043465054312 0.01 4.43
-1.0146131779099 -0.544570415658027 0.01 4.44
-1.01964273663382 -0.502955872392481 0.01 4.45
-1.02425485407358 -0.461211743975995 0.01 4.46
-1.02844835121092 -0.419349713733689 0.01 4.47
-1.03222216376993 -0.377381255900666 0.01 4.48
-1.03557534029609 -0.33531765261617 0.01 4.49
-1.03850704041151 -0.293170011542264 0.01 4.5
-1.04101653325192 -0.250949284041346 0.01 4.51
-1.0431031960904 -0.208666283847612 0.01 4.52
-1.04476651315208 -0.166331706168297 0.01 4.53
-1.0460060746236 -0.123956147151224 0.01 4.54
-1.04682157586015 -0.0815501236558001 0.01 4.55
-1.04721281679281 -0.0391240932651575 0.01 4.56
-1.04717970153758 0.0033115255224426 0.01 4.57
-1.04672223820774 0.0457463329844741 0.01 4.58
-1.04584053892965 0.0881699278085861 0.01 4.59
-1.04453482006233 0.130571886731817 0.01 4.6
-1.04280540261987 0.172941744245792 0.01 4.61
-1.04065271289558 0.215268972429235 0.01 4.62
-1.03807728328589 0.257542960969381 0.01 4.63
-1.03507975331155 0.299752997434217 0.01 4.64
-1.03166087083297 0.341888247857951 0.01 4.65
-1.02782149345594 0.383937737702651 0.01 4.66
-1.02356259012334 0.425890333259625 0.01 4.67
-1.0188852428878 0.467734723554826 0.01 4.68
-1.01379064885956 0.5094594028233 0.01 4.69
-1.00828012232338 0.551052653618471 0.01 4.7
-1.00235509701715 0.59250253062284 0.01 4.71
-0.996017128564875 0.633796845227449 0.01 4.72
-0.989267897055393 0.674923150948166 0.01 4.73
-0.982109209757918 0.715868729747507 0.01 4.74
-0.974543003964606 0.756620579331259 0.01 4.75
-0.96657134994971 0.797165401489572 0.01 4.76
-0.958196454034185 0.837489591552454 0.01 4.77
-0.949420661743889 0.877579229029611 0.01 4.78
-0.940246461048845 0.917420069504429 0.01 4.79
-0.930676485670331 0.956997537851383 0.01 4.8
-0.920713518441877 0.9962967228454 0.01 4.81
-0.910360494709571 1.03530237323058 0.01 4.82
-0.89962050575643 1.07399889531411 0.01 4.83
-0.888496802234936 1.11237035214942 0.01 4.84
-0.876992797591236 1.15040046436996 0.01 4.85
-0.865112071463913 1.1880726127324 0.01 4.86
-0.852858373039668 1.22536984242444 0.01 4.87
-0.840235624347783 1.26227486918855 0.01 4.88
-0.827247923474699 1.29877008730834 0.01 4.89
-0.813899547679707 1.33483757949919 0.01 4.9
-0.800194956392317 1.37045912873908 0.01 4.91
-0.786138794071626 1.40561623206901 0.01 4.92
-0.771735892907771 1.44029011638558 0.01 4.93
-0.756991275345366 1.47446175624042 0.01 4.94
-0.741910156408833 1.50811189365333 0.01 4.95
-0.726497945809468 1.54122105993648 0.01 4.96
-0.710760249814286 1.57376959951821 0.01 4.97
-0.694702872856841 1.60573769574454 0.01 4.98
-0.67833181887058 1.63710539862609 0.01 4.99
-0.661653292325709 1.66785265448714 0.01 5
-0.644673698951086 1.69795933746226 0.01 5.01
-0.627399646123347 1.72740528277389 0.01 5.02
-0.60983794290622 1.75617032171271 0.01 5.03
-0.591995599723919 1.78423431823005 0.01 5.04
-0.573879827653523 1.81157720703964 0.01 5.05
-0.555498037322388 1.83817903311355 0.01 5.06
-0.536857837397935 1.86401999244525 0.01 5.07
-0.517967032658527 1.88908047394078 0.01 5.08
-0.498833621635653 1.9133411022874 0.01 5.09
-0.479465793819269 1.93678278163843 0.01 5.1
-0.459871926419848 1.95938673994211 0.01 5.11
-0.440060580682517 1.98113457373311 0.01 5.12
-0.420040497750555 2.00200829319623 0.01 5.13
-0.399820594077513 2.02199036730412 0.01 5.14
-0.379409956389272 2.04106376882414 0.01 5.15
-0.358817836199432 2.05921201898399 0.01 5.16
-0.338053643883616 2.07641923158161 0.01 5.17
-0.317126942320396 2.09267015632205 0.01 5.18
-0.296047440108768 2.10795022116271 0.01 5.19
-0.27482498437428 2.12224557344885 0.01 5.2
-0.25346955317805 2.135543119623 0.01 5.21
-0.231991247545094 2.14783056329561 0.01 5.22
-0.210400283130399 2.1590964414695 0.01 5.23
-0.188706981543222 2.16933015871766 0.01 5.24
-0.166921761351997 2.17852201912248 0.01 5.25
-0.145055128794049 2.18666325579481 0.01 5.26
-0.123117668216019 2.19374605780296 0.01 5.27
-0.101120032272468 2.1997635943551 0.01 5.28
-0.0790729319115376 2.20471003609309 0.01 5.29
-0.05698712617782 2.20858057337176 0.01 5.3
-0.034873411863671 2.21137143141489 0.01 5.31
-0.0127426130411016 2.21307988225694 0.01 5.32
0.00939442949288518 2.21370425339868 0.01 5.33
0.0315268688241307 2.21324393312455 0.01 5.34
0.0536438625486257 2.2116993724495 0.01 5.35
0.0757345833854607 2.2090720836835 0.01 5.36
0.0977882297416848 2.20536463562241 0.01 5.37
0.119794036195629 2.20058064539442 0.01 5.38
0.14174128386574 2.19472476701115 0.01 5.39
0.163619310632666 2.18780267669258 0.01 5.4
0.185417521183202 2.17982105505356 0.01 5.41
0.207125396845785 2.17078756625829 0.01 5.42
0.228732505188445 2.16071083426604 0.01 5.43
0.250228509351525 2.14960041630798 0.01 5.44
0.271603177089017 2.1374667737492 0.01 5.45
0.292846389494059 2.12432124050419 0.01 5.46
0.313948149385914 2.11017598918554 0.01 5.47
0.334898589337678 2.09504399517641 0.01 5.48
0.355687979325937 2.07893899882589 0.01 5.49
0.376306733985677 2.061875465974 0.01 5.5
0.396745419455857 2.04386854701803 0.01 5.51
0.41699475980322 2.0249340347363 0.01 5.52
0.437045643014093 2.00508832108722 0.01 5.53
0.456889126546116 1.98434835320237 0.01 5.54
0.476516442434027 1.96273158879104 0.01 5.55
0.49591900194574 1.94025595117136 0.01 5.56
0.515088399787131 1.91693978413907 0.01 5.57
0.534016417855928 1.89280180687972 0.01 5.58
0.552695028547164 1.86786106912363 0.01 5.59
0.571116397614515 1.84213690673506 0.01 5.6
0.589272886593703 1.81564889791877 0.01 5.61
0.607157054795875 1.78841682021725 0.01 5.62
0.624761660880493 1.76046060846176 0.01 5.63
0.642079664018787 1.73180031382945 0.01 5.64
0.65910422466026 1.70245606414727 0.01 5.65
0.675828704915977 1.67244802557169 0.01 5.66
0.692246668573588 1.6417963657611 0.01 5.67
0.708351880760042 1.61052121864546 0.01 5.68
0.724138307268901 1.57864265088587 0.01 5.69
0.739600113569941 1.54618063010399 0.01 5.7
0.754731663519439 1.51315499494976 0.01 5.71
0.769527517790075 1.47958542706367 0.01 5.72
0.783982432039862 1.4454914249787 0.01 5.73
0.79809135483982 1.41089227999573 0.01 5.74
0.811849425380378 1.37580705405588 0.01 5.75
0.825251970976607 1.34025455962283 0.01 5.76
0.838294504392397 1.30425334157901 0.01 5.77
0.850972721003699 1.26782166113024 0.01 5.78
0.863282495820752 1.23097748170524 0.01 5.79
0.875219880389038 1.19373845682864 0.01 5.8
0.886781099588428 1.156121919939 0.01 5.81
0.897962548349598 1.118144876117 0.01 5.82
0.908760788306426 1.07982399568279 0.01 5.83
0.919172544402594 1.04117560961676 0.01 5.84
0.929194701470122 1.00221570675288 0.01 5.85
0.938824300797022 0.962959932690002 0.01 5.86
0.948058536700652 0.923423590362981 0.01 5.87
0.956894753122776 0.883621642212417 0.01 5.88
0.965330440261671 0.84356871388942 0.01 5.89
0.973363231255969 0.803279099429814 0.01 5.9
0.980990898934274 0.76276676783056 0.01 5.91
0.988211352643875 0.722045370960036 0.01 5.92
0.995022635171204 0.681128252732973 0.01 5.93
1.00142291976601 0.640028459480309 0.01 5.94
1.00741050728045 0.598758751444034 0.01 5.95
1.01298382343372 0.557331615327066 0.01 5.96
1.018141416212 0.515759277828446 0.01 5.97
1.02288195341295 0.474053720094506 0.01 5.98
1.02720422034312 0.432226693017227 0.01 5.99
1.03110711767624 0.390289733311596 0.01 6
1.03458965947928 0.348254180304523 0.01 6.01
1.03765097141297 0.306131193368617 0.01 6.02
1.04029028911232 0.2639317699349 0.01 6.03
1.04250695675251 0.221666764019337 0.01 6.04
1.0443004258045 0.179346905198779 0.01 6.05
1.04567025398422 0.136982817972655 0.01 6.06
1.0466161043987 0.0945850414473695 0.01 6.07
1.04713774489151 0.0521640492809395 0.01 6.08
1.04723504758977 0.00973026982586686 0.01 6.09
1.04690798865385 -0.0327058935913715 0.01 6.1
1.0461566482307 -0.0751340423155883 0.01 6.11
1.04498121061076 -0.11754376199412 0.01 6.12
1.0433819645882 -0.159924602255228 0.01 6.13
1.04135930402325 -0.20226605649494 0.01 6.14
1.03891372860492 -0.244557541833837 0.01 6.15
1.03604584481186 -0.286788379305594 0.01 6.16
1.03275636706846 -0.328947774339512 0.01 6.17
1.02904611909247 -0.371024797599813 0.01 6.18
1.02491603543002 -0.413008366245074 0.01 6.19
1.0203671631733 -0.45488722567185 0.01 6.2
1.01540066385522 -0.496649931807271 0.01 6.21
1.01001781551506 -0.53828483401618 0.01 6.22
1.00422001492817 -0.57978005868914 0.01 6.23
0.998008779992387 -0.621123493578424 0.01 6.24
0.991385752262889 -0.662302772949845 0.01 6.25
0.984352699626699 -0.703305263618935 0.01 6.26
0.976911519107294 -0.744118051940591 0.01 6.27
0.969064239789076 -0.784727931821746 0.01 6.28
0.960813025850807 -0.82512139382693 0.01 6.29
0.95216017969634 -0.8652846154467 0.01 6.3
0.943108145170352 -0.905203452598789 0.01 6.31
0.933659510846037 -0.944863432431461 0.01 6.32
0.923817013371058 -0.984249747497865 0.01 6.33
0.913583540857367 -1.02334725136917 0.01 6.34
0.902962136299838 -1.06214045575285 0.01 6.35
0.891956001008031 -1.10061352918077 0.01 6.36
0.880568498034738 -1.13875029732927 0.01 6.37
0.868803155584428 -1.17653424503103 0.01 6.38
0.856663670384079 -1.21394852003486 0.01 6.39
0.844153910998417 -1.25097593856623 0.01 6.4
0.831277921071052 -1.28759899273646 0.01 6.41
0.818039922472611 -1.32379985984409 0.01 6.42
0.804444318336551 -1.35956041360598 0.01 6.43
0.790495695963054 -1.39486223734971 0.01 6.44
0.776198829571135 -1.42968663919194 0.01 6.45
0.761558682878934 -1.46401466922005 0.01 6.46
0.746580411492072 -1.49782713868621 0.01 6.47
0.731269365079929 -1.53110464121434 0.01 6.48
0.715631089319816 -1.56382757601124 0.01 6.49
0.699671327589184 -1.59597617306325 0.01 6.5
0.68339602238629 -1.62753052028936 0.01 6.51
0.66681131646018 -1.65847059261103 0.01 6.52
0.649923553631305 -1.68877628288751 0.01 6.53
0.632739279284766 -1.71842743465386 0.01 6.54
0.615265240518895 -1.74740387658715 0.01 6.55
0.597508385932757 -1.77568545861378 0.01 6.56
0.579475865037167 -1.80325208955904 0.01 6.57
0.56117502727489 -1.83008377622763 0.01 6.58
0.542613420636975 -1.85616066379151 0.01 6.59
0.523798789863477 -1.88146307734985 0.01 6.6
0.504739074218337 -1.90597156451402 0.01 6.61
0.485442404829743 -1.92966693885942 0.01 6.62
0.46591710158899 -1.95253032407526 0.01 6.63
0.446171669602652 -1.97454319863384 0.01 6.64
0.426214795194739 -1.99568744079128 0.01 6.65
0.406055341457498 -2.01594537372406 0.01 6.66
0.385702343351516 -2.03529981059822 0.01 6.67
0.36516500235789 -2.05373409936255 0.01 6.68
0.344452680687367 -2.07123216705232 0.01 6.69
0.323574895053498 -2.08777856338691 0.01 6.7
0.302541310019067 -2.10335850344311 0.01 6.71
0.281361730927212 -2.11795790918551 0.01 6.72
0.260046096430841 -2.13156344963706 0.01 6.73
0.238604470636084 -2.14416257947571 0.01 6.74
0.217047034877606 -2.15574357584786 0.01 6.75
0.195384079145645 -2.16629557319607 0.01 6.76
0.173625993186585 -2.17580859590606 0.01 6.77
0.151783257300703 -2.18427358858819 0.01 6.78
0.129866432862505 -2.19168244381979 0.01 6.79
0.107886152590631 -2.19802802718741 0.01 6.8
0.0858531105958051 -2.20330419948256 0.01 6.81
0.0637780522366065 -2.20750583591986 0.01 6.82
0.0416717638139725 -2.21062884226339 0.01 6.83
0.0195450621363253 -2.21267016776473 0.01 6.84
-0.00259121601202457 -2.21362781483498 0.01 6.85
-0.0247262244659494 -2.21350084539248 0.01 6.86
-0.0468491183044253 -2.2122893838476 0.01 6.87
-0.0689490644714929 -2.20999461670675 0.01 6.88
-0.0910152523594725 -2.20661878879797 0.01 6.89
-0.11303690432088 -2.20216519614074 0.01 6.9
-0.135003286075915 -2.19663817550351 0.01 6.91
-0.15690371698303 -2.19004309071151 0.01 6.92
-0.178727580140904 -2.18238631578734 0.01 6.93
-0.200464332291152 -2.17367521502484 0.01 6.94
-0.222103513492299 -2.1639181201147 0.01 6.95
-0.243634756536862 -2.15312430445635 0.01 6.96
-0.265047796084926 -2.14130395480638 0.01 6.97
-0.286332477489198 -2.1284681404272 0.01 6.98
-0.307478765288324 -2.1146287799126 0.01 6.99
-0.328476751347099 -2.09979860587743 0.01 7
-0.34931666262418 -2.0839911277082 0.01 7.01
-0.369988868549971 -2.06722059257902 0.01 7.02
-0.390483887999405 -2.04950194494344 0.01 7.03
-0.410792395846574 -2.03085078471692 0.01 7.04
-0.43090522909025 -2.01128332436754 0.01 7.05
-0.450813392541585 -1.99081634513353 0.01 7.06
-0.470508064067442 -1.96946715258566 0.01 7.07
-0.489980599384946 -1.94725353175043 0.01 7.08
-0.509222536405012 -1.92419370200659 0.01 7.09
-0.528225599124636 -1.90030627196245 0.01 7.1
-0.54698170106979 -1.87561019451541 0.01 7.11
-0.565482948292669 -1.85012472228789 0.01 7.12
-0.583721641928921 -1.82386936362517 0.01 7.13
-0.601690280322239 -1.79686383933178 0.01 7.14
-0.619381560725366 -1.76912804031271 0.01 7.15
-0.636788380588117 -1.74068198627508 0.01 7.16
-0.653903838444463 -1.71154578563462 0.01 7.17
-0.670721234412058 -1.68173959675954 0.01 7.18
-0.687234070318783 -1.65128359067247 0.01 7.19
-0.703436049471972 -1.62019791531892 0.01 7.2
-0.719321076086955 -1.58850266149831 0.01 7.21
-0.734883254392372 -1.55621783054168 0.01 7.22
-0.750116887430452 -1.52336330380796 0.01 7.23
-0.765016475571038 -1.48995881405864 0.01 7.24
-0.779576714758633 -1.45602391875951 0.01 7.25
-0.793792494512099 -1.42157797534664 0.01 7.26
-0.80765889569693 -1.38664011848309 0.01 7.27
-0.821171188090158 -1.35122923932278 0.01 7.28
-0.834324827758037 -1.31536396678785 0.01 7.29
-0.847115454266609 -1.27906265085719 0.01 7.3
-0.859538887745156 -1.24234334785477 0.01 7.31
-0.871591125822345 -1.2052238077189 0.01 7.32
-0.883268340454605 -1.16772146322593 0.01 7.33
-0.894566874665959 -1.12985342113544 0.01 7.34
-0.905483239218138 -1.0916364552179 0.01 7.35
-0.91601410922934 -1.05308700112018 0.01 7.36
-0.926156320759538 -1.01422115301982 0.01 7.37
-0.935906867379682 -0.975054662014397 0.01 7.38
-0.945262896741571 -0.935602936188943 0.01 7.39
-0.954221707164582 -0.895881042301029 0.01 7.4
-0.962780744254789 -0.855903709020709 0.01 7.41
-0.970937597571391 -0.815685331660209 0.01 7.42
-0.978689997354657 -0.775239978326649 0.01 7.43
-0.986035811328955 -0.734581397429736 0.01 7.44
-0.992973041593709 -0.693723026475442 0.01 7.45
-0.99949982161447 -0.652678002076076 0.01 7.46
-1.00561441332554 -0.611459171106842 0.01 7.47
-1.01131520435493 -0.570079102938919 0.01 7.48
-1.01660070538172 -0.528550102679241 0.01 7.49
-1.0214695476352 -0.486884225347523 0.01 7.5
-1.02592048054441 -0.445093290921541 0.01 7.51
-1.02995236954623 -0.403188900182302 0.01 7.52
-1.03356419405915 -0.361182451291415 0.01 7.53
-1.03675504562949 -0.319085157033742 0.01 7.54
-1.03952412625608 -0.276908062659164 0.01 7.55
-1.04187074689866 -0.234662064258082 0.01 7.56
-1.04379432617472 -0.192357927606063 0.01 7.57
-1.04529438924886 -0.150006307413717 0.01 7.58
-1.04637056691804 -0.107617766918595 0.01 7.59
-1.04702259489561 -0.0652027977564678 0.01 7.6
-1.0472503132961 -0.0227718400498479 0.01 7.61
-1.04705366632262 0.0196646973479605 0.01 7.62
-1.04643270215748 0.0620964165147324 0.01 7.63
-1.04538757305659 0.104512910088356 0.01 7.64
-1.04391853564735 0.146903740924221 0.01 7.65
-1.04202595142893 0.189258421842201 0.01 7.66
-1.03971028747368 0.231566395524654 0.01 7.67
-1.03697211732741 0.273817014627128 0.01 7.68
-1.03381212210577 0.315999522163898 0.01 7.69
-1.03023109178346 0.358103032230899 0.01 7.7
-1.02622992667217 0.40011651112926 0.01 7.71
-1.02180963908264 0.44202875895326 0.01 7.72
-1.01697135516557 0.483828391707275 0.01 7.73
-1.0117163169254 0.525503824017028 0.01 7.74
-1.00604588440038 0.567043252501244 0.01 7.75
-0.999961538001677 0.608434639870577 0.01 7.76
-0.993464881003463 0.649665699821454 0.01 7.77
-0.986557642175531 0.690723882793139 0.01 7.78
-0.979241678548961 0.731596362656978 0.01 7.79
-0.971518978304889 0.77227002440724 0.01 7.8
-0.963391663775655 0.812731452923368 0.01 7.81
-0.95486199454692 0.852966922873581 0.01 7.82
-0.945932370648622 0.89296238982977 0.01 7.83
-0.936605335821989 0.93270348266329 0.01 7.84
-0.926883580849082 0.972175497290711 0.01 7.85
-0.916769946930706 1.01136339183764 0.01 7.86
-0.906267429097831 1.0502517832875 0.01 7.87
-0.895379179641027 1.08882494568038 0.01 7.88
-0.884108511541775 1.12706680992514 0.01 7.89
-0.872458901888924 1.16496096528518 0.01 7.9
-0.860433995262971 1.20249066259526 0.01 7.91
-0.848037607070338 1.23963881926329 0.01 7.92
-0.835273726809273 1.27638802610655 0.01 7.93
-0.8221465212486 1.31272055606724 0.01 7.94
-0.808660337500131 1.34861837484691 0.01 7.95
-0.7948197059652 1.38406315349313 0.01 7.96
-0.780629343135547 1.41903628296533 0.01 7.97
-0.766094154228552 1.45351889069944 0.01 7.98
-0.751219235636722 1.48749185918298 0.01 7.99
-0.736009877171283 1.52093584654398 0.01 8
-0.720471564079806 1.55383130914766 0.01 8.01
-0.704609978817951 1.58615852618547 0.01 8.02
-0.688431002555644 1.61789762623071 0.01 8.03
-0.671940716398402 1.64902861572419 0.01 8.04
-0.655145402304979 1.67953140934237 0.01 8.05
-0.638051543683091 1.7093858621888 0.01 8.06
-0.620665825645712 1.73857180373784 0.01 8.07
-0.602995134911236 1.76706907344763 0.01 8.08
-0.585046559331766 1.79485755794697 0.01 8.09
-0.56682738703488 1.82191722968863 0.01 8.1
-0.548345105165387 1.84822818694929 0.01 8.11
-0.529607398214943 1.87377069504444 0.01 8.12
-0.510622145928796 1.89852522861463 0.01 8.13
-0.491397420780512 1.92247251482841 0.01 8.14
-0.47194148500715 1.9455935773362 0.01 8.15
-0.452262787199155 1.96786978079948 0.01 8.16
-0.432369958441054 1.98928287581014 0.01 8.17
-0.412271808000988 2.00981504400662 0.01 8.18
-0.39197731856913 2.02944894318575 0.01 8.19
-0.371495641047097 2.0481677522033 0.01 8.2
-0.350836088892587 2.06595521545107 0.01 8.21
-0.33000813202564 2.0827956866947 0.01 8.22
-0.309021390305096 2.09867417205432 0.01 8.23
-0.287885626586003 2.11357637190937 0.01 8.24
-0.266610739370902 2.12748872151005 0.01 8.25
-0.245206755070101 2.14039843008013 0.01 8.26
-0.223683819888097 2.15229351820039 0.01 8.27
-0.20205219135542 2.16316285326767 0.01 8.28
-0.180322229527098 2.17299618283224 0.01 8.29
-0.158504387870845 2.18178416562532 0.01 8.3
-0.13660920386985 2.18951840009942 0.01 8.31
-0.114647289366683 2.19619145031674 0.01 8.32
-0.0926293206763393 2.20179686903437 0.01 8.33
-0.0705660284978344 2.20632921785049 0.01 8.34
-0.048468187654915 2.20978408429195 0.01 8.35
-0.0263466066975012 2.21215809574138 0.01 8.36
-0.00421211739630084 2.21344893012004 0.01 8.37
0.0179244358363207 2.21365532326215 0.01 8.38
0.0400522065656817 2.2127770729361 0.01 8.39
0.0621603569605631 2.21081503948814 0.01 8.4
0.0842380683916098 2.20777114310468 0.01 8.41
0.106274551968708 2.20364835770986 0.01 8.42
0.12825905898406 2.19845070153513 0.01 8.43
0.150180891228239 2.19218322441797 0.01 8.44
0.172029411147298 2.18485199190589 0.01 8.45
0.193794051809909 2.17646406626104 0.01 8.46
0.215464326654691 2.16702748447827 0.01 8.47
0.237029838989155 2.15655123344641 0.01 8.48
0.25848029121314 2.14504522239844 0.01 8.49
0.279805493741241 2.13252025281016 0.01 8.5
0.300995373600444 2.11898798592021 0.01 8.51
0.322039982680999 2.10446090805559 0.01 8.52
0.342929505620567 2.08895229395676 0.01 8.53
0.363654267303613 2.07247616830459 0.01 8.54
0.384204739960191 2.05504726565776 0.01 8.55
0.404571549850337 2.03668098901468 0.01 8.56
0.424745483522502 2.01739336721643 0.01 8.57
0.444717493636595 1.99720101140935 0.01 8.58
0.464478704344452 1.97612107078571 0.01 8.59
0.484020416222642 1.95417118781902 0.01 8.6
0.503334110754721 1.93136945320791 0.01 8.61
0.522411454362097 1.90773436073755 0.01 8.62
0.541244301984719 1.88328476226222 0.01 8.63
0.559824700214772 1.85803982300534 0.01 8.64
0.578144889988427 1.83201897736541 0.01 8.65
0.596197308842499 1.80524188540725 0.01 8.66
0.61397459274458 1.77772839020807 0.01 8.67
0.631469577506753 1.74949847621729 0.01 8.68
0.648675299794534 1.72057222877816 0.01 8.69
0.665584997744006 1.69096979494717 0.01 8.7
0.682192111201364 1.66071134573583 0.01 8.71
0.698490281600233 1.62981703988682 0.01 8.72
0.714473351493079 1.59830698928466 0.01 8.73
0.730135363753963 1.56620122608838 0.01 8.74
0.745470560470583 1.53351967166197 0.01 8.75
0.760473381544244 1.50028210736609 0.01 8.76
0.775138463016875 1.46650814726311 0.01 8.77
0.789460635144636 1.43221721277611 0.01 8.78
0.803434920237952 1.39742850933164 0.01 8.79
0.817056530288008 1.36216100500553 0.01 8.8
0.830320864399821 1.32643341118139 0.01 8.81
0.84322350605204 1.29026416522184 0.01 8.82
0.855760220203479 1.25367141514393 0.01 8.83
0.8679269502663 1.21667300628208 0.01 8.84
0.879719814965444 1.17928646991438 0.01 8.85
0.891135105103655 1.14152901382116 0.01 8.86
0.902169280251041 1.10341751473859 0.01 8.87
0.912818965377685 1.06496851266441 0.01 8.88
0.923080947447366 1.02619820696804 0.01 8.89
0.932952171989892 0.987122454252572 0.01 8.9
0.94242973966902 0.947756767912802 0.01 8.91
0.951510902862317 0.908116319329748 0.01 8.92
0.960193062268713 0.868215940639586 0.01 8.93
0.968473763558838 0.828070129012534 0.01 8.94
0.976350694082593 0.787693052375443 0.01 8.95
0.983821679647696 0.747098556510377 0.01 8.96
0.990884681382301 0.706300173460469 0.01 8.97
0.997537792694037 0.665311131173597 0.01 8.98
1.00377923633718 0.624144364314056 0.01 8.99
1.0096073615989 0.582812526172232 0.01 9
1.01502064161492 0.541328001602424 0.01 9.01
1.02001767082412 0.499702920919192 0.01 9.02
1.02459716257095 0.457949174683116 0.01 9.03
1.02875794686402 0.416078429307379 0.01 9.04
1.03249896829819 0.374102143417276 0.01 9.05
1.03581928414715 0.332031584895488 0.01 9.06
1.03871806263262 0.289877848546717 0.01 9.07
1.04119458137578 0.247651874316076 0.01 9.08
1.04324822603574 0.205364465996387 0.01 9.09
1.04487848913934 0.163026310360282 0.01 9.1
1.04608496910588 0.120647996653677 0.01 9.11
1.04686736946976 0.0782400363878348 0.01 9.12
1.04722549830344 0.0358128833677025 0.01 9.13
1.04715926784238 -0.0066230461052806 0.01 9.14
1.04666869431321 -0.0490573529174432 0.01 9.15
1.04575389796545 -0.0914796347754934 0.01 9.16
1.04441510330697 -0.133879465848679 0.01 9.17
1.04265263954215 -0.176246376481711 0.01 9.18
1.04046694121175 -0.218569833039798 0.01 9.19
1.03785854903228 -0.260839217947395 0.01 9.2
1.03482811093245 -0.303043809982642 0.01 9.21
1.03137638328355 -0.345172764889911 0.01 9.22
1.02750423231982 -0.387215096373461 0.01 9.23
1.02321263574446 -0.429159657535834 0.01 9.24
1.01850268451621 -0.470995122825314 0.01 9.25
1.01337558481063 -0.512709970557533 0.01 9.26
1.00783266014986 -0.554292466077089 0.01 9.27
1.0018753536936 -0.595730645625803 0.01 9.28
0.995505230683751 -0.637012300985023 0.01 9.29
0.98872398103415 -0.678124964960094 0.01 9.3
0.981533422056393 -0.71905589777575 0.01 9.31
0.973935501311876 -0.75979207445173 0.01 9.32
0.965932299579592 -0.800320173228316 0.01 9.33
0.957526033928475 -0.840626565111725 0.01 9.34
0.948719060882382 -0.880697304609318 0.01 9.35
0.939513879665138 -0.920518121724364 0.01 9.36
0.929913135512342 -0.960074415279616 0.01 9.37
0.919919623035961 -0.999351247638148 0.01 9.38
0.909536289627073 -1.03833334088874 0.01 9.39
0.898766238881458 -1.07700507456156 0.01 9.4
0.887612734032079 -1.11535048493789 0.01 9.41
0.876079201371926 -1.15335326601529 0.01 9.42
0.864169233650061 -1.19099677218652 0.01 9.43
0.851886593423188 -1.22826402268727 0.01 9.44
0.839235216344551 -1.26513770786364 0.01 9.45
0.826219214371495 -1.30160019730566 0.01 9.46
0.812842878872614 -1.33763354988813 0.01 9.47
0.799110683615072 -1.37321952575417 0.01 9.48
0.785027287612368 -1.40833960027038 0.01 9.49
0.770597537812613 -1.44297497997555 0.01 9.5
0.755826471607241 -1.47710662053721 0.01 9.51
0.740719319140023 -1.51071524672175 0.01 9.52
0.72528150539627 -1.54378137437534 0.01 9.53
0.709518652052241 -1.57628533440291 0.01 9.54
0.693436579065013 -1.60820729872279 0.01 9.55
0.677041305983375 -1.63952730816373 0.01 9.56
0.660339052960772 -1.67022530226031 0.01 9.57
0.643336241451862 -1.70028115089099 0.01 9.58
0.626039494574946 -1.72967468769167 0.01 9.59
0.608455637123294 -1.75838574516517 0.01 9.6
0.590591695209341 -1.78639419139532 0.01 9.61
0.572454895526723 -1.81367996826177 0.01 9.62
0.554052664216327 -1.84022313103958 0.01 9.63
0.535392625323773 -1.86600388925545 0.01 9.64
0.516482598837166 -1.89100264866068 0.01 9.65
0.497330598295471 -1.91520005416952 0.01 9.66
0.477944827959465 -1.93857703360055 0.01 9.67
0.458333679538982 -1.9611148420483 0.01 9.68
0.438505728471952 -1.98279510670297 0.01 9.69
0.418469729752682 -2.00359987192708 0.01 9.7
0.398234613308777 -2.02351164439047 0.01 9.71
0.377809478928195 -2.04251343805818 0.01 9.72
0.357203590739991 -2.06058881882041 0.01 9.73
0.336426371254491 -2.07772194855001 0.01 9.74
0.315487394970793 -2.09389762836977 0.01 9.75
0.294396381561682 -2.10910134091117 0.01 9.76
0.273163188648219 -2.12331929134626 0.01 9.77
0.25179780417845 -2.13653844697688 0.01 9.78
0.230310338426765 -2.14874657516856 0.01 9.79
0.208711015632541 -2.15993227942237 0.01 9.8
0.187010165298692 -2.17008503338487 0.01 9.81
0.165218213172644 -2.17919521260483 0.01 9.82
0.143345671934083 -2.18725412385612 0.01 9.83
0.121403131615504 -2.19425403185789 0.01 9.84
0.0994012497831398 -2.2001881832364 0.01 9.85
0.0773507415072603 -2.20505082758794 0.01 9.86
0.0552623691520787 -2.20883723551816 0.01 9.87
0.0331469320165772 -2.21154371355015 0.01 9.88
0.0110152558584562 -2.2131676158121 0.01 9.89
-0.0111218176658848 -2.21370735243411 0.01 9.9
-0.0332534416119187 -2.21316239460339 0.01 9.91
-0.0553687743743918 -2.21153327624731 0.01 9.92
-0.0774569902977329 -2.20882159233411 0.01 9.93
-0.0995072902357475 -2.20502999380145 0.01 9.94
-0.121508912027184 -2.20016217914368 0.01 9.95
-0.143451140854269 -2.19422288270849 0.01 9.96
-0.165323319452004 -2.18721785977347 0.01 9.97
-0.187114858136924 -2.17915386849201 0.01 9.98
-0.208815244625085 -2.17003864881614 0.01 9.99
1.0471975511966 0 0.0001 0
1.04719750876135 -0.000424352447854375 0.0001 0.0001
1.04719742389086 -0.000848704885312115 0.0001 0.0002
1.04719729658513 -0.00127305730197658 0.0001 0.0003
1.04719712684417 -0.00169740968745113 0.0001 0.0004
1.04719691466796 -0.00212176203133912 0.0001 0.0005
1.04719666005653 -0.0025461143232439 0.0001 0.0006
1.04719636300987 -0.00297046655276879 0.0001 0.0007
1.047196023528 -0.00339481870951712 0.0001 0.0008
1.04719564161092 -0.00381917078309219 0.0001 0.0009
1.04719521725865 -0.0042435227630973 0.0001 0.001
1.04719475047118 -0.00466787463913572 0.0001 0.0011
1.04719424124854 -0.00509222640081071 0.0001 0.0012
1.04719368959074 -0.00551657803772548 0.0001 0.0013
1.04719309549779 -0.00594092953948326 0.0001 0.0014
