2 43035.7
3 41338.9
4 41057.2
5 42138
6 42624.3
7 42779.2
8 42614.5
9 41512.9
10 42519.9
11 42021.7
12 42356.3
13 42975.1
14 42712.3
15 41857.1
16 42951.1
17 42445.4
18 42589.1
19 43124.4
20 43077.4
21 43349.8
22 43393.7
23 41360
24 42724
25 42037.8
26 42386.3
27 41358.9
28 42552.3
29 42792.7
30 42609
31 42641.5
32 41575.2
33 41486.9
34 41543.7
35 41624
36 42546.3
37 42960
38 42433.2
39 41795.8
40 42150.2
41 41170.8
42 41199.1
43 43016.1
44 43287.7
45 40804.5
46 41892.7
47 42621
48 41561.1
49 42800.5
50 43179
51 43664.7
52 43742.8
53 42206.4
54 43411.8
55 43024.8
56 43028.5
57 42742.1
58 43256.2
59 42634.2
60 43334.4
61 43422.6
62 43149.4
63 43765.6
64 40651.6
65 43127.7
66 42813.9
67 42096.9
68 40690.2
69 41114.5
70 41709.6
71 41718.5
72 41501.4
73 42942.2
74 41033
75 39523.6
76 41956.5
77 40818.9
78 40980.3
79 41814.7
80 41240.8
81 40640
82 40691.4
83 41913.1
84 40534.3
85 41400
86 41480.7
87 41214.6
88 42394.5
89 42765.4
90 42567.8
91 41881.6
92 41797.1
93 41335.3
94 40400.1
95 40996
96 42200.8
97 41814.1
98 43214.1
99 42574.4
100 42574.4
101 43219.8
102 43665
103 42707.7
104 42791.9
105 41834.9
106 42027.6
107 42311
108 42056.6
109 42082
110 42241.8
111 42382.5
112 41932.3
113 42733.1
114 42813.7
115 40750.8
116 42950.6
117 42903
118 41802.8
119 42426.7
120 41989.3
121 41924.6
122 40786.9
123 42100.3
124 42100.3
125 42053.9
126 42006.4
127 42165.6
128 41948.7
129 42035.8
130 42483.2
131 42892.4
132 41242.8
133 40786.9
134 42407.4
135 42306.7
136 42297.9
137 41814.5
138 42478.8
139 43019.3
140 43936.7
141 43257.8
142 43826.6
143 42603.1
144 43788.6
145 43326.7
146 43263.9
147 42386.9
148 43163.3
149 41568.1
150 40501.8
151 41008.9
152 42590
153 43250.9
154 42652.2
155 41829.9
156 41923.4
157 42135.7
158 41418.6
159 42052
160 40560
161 42451
162 41426
163 42079.9
164 41688.1
165 40509.7
166 39647.7
167 41930.6
168 42301.2
169 42061.8
170 43087.7
171 41878.8
172 41639.5
173 42451.2
174 41922.8
175 42099.4
176 42760
177 40165.1
178 40905.3
179 41496.3
180 41594.3
181 41403.8
182 41730.5
183 41470
184 41973.6
185 42351.8
186 42149
187 41850.1
188 42417.9
189 40049.4
190 41227.3
191 42220.7
192 42706.4
193 42878
194 43149.1
195 42558
196 41390.8
197 42242.9
198 42264.4
199 42414.7
200 42163.4
201 41356.3
202 41642.1
203 42446.2
204 41632.5
205 41400.9
206 41936.8
207 41932.8
208 41763.8
209 41413.2
210 40429.8
211 41545.3
212 41553.5
213 41275.2
214 41712.8
215 41722
216 42107.5
217 42197.4
218 42414.5
219 40807.2
220 42480.3
221 41514.9
222 42476.2
223 42862.1
224 42476.9
225 42103
226 42685.1
227 41854.2
228 42124.9
229 42168
230 40936.9
231 41304.8
232 40864.3
233 40682
234 41788.6
235 41852.6
236 42043
237 40442.6
238 41822.7
239 41034.3
240 42255.9
241 41176.3
242 41099.6
243 42874.6
244 42972.7
245 42435
246 41772.9
247 40551.7
248 42956.3
249 41425.7
250 41977.8
251 42131.8
252 42179.2
253 41154.3
254 41696.9
255 42578.6
256 42109.1
257 41298.6
258 41041.3
259 40362.2
260 41242.6
261 41876.9
262 41302.7
263 40973.4
264 41468.2
265 42038.6
266 40861.1
267 40999.2
268 42756.1
269 42129.8
270 41192.9
271 41487
272 41906.8
273 41585.3
274 42610.8
275 42310.5
276 41508.9
277 42112.8
278 42884.7
279 42098.3
280 42008.2
281 42827.3
282 42254.3
283 42051.1
284 41388
285 41000.7
286 41257.2
287 41156.5
288 40722.8
289 39551.5
290 41224.3
291 42064.2
292 42739.1
293 42024.2
294 43128.6
295 42056.6
296 42096.8
297 41829.6
298 42742
299 43399.8
300 42811.7
301 42375.6
302 42204.7
303 41140.2
304 42293.2
305 42006.9
306 42061.7
307 42552.4
308 41556.7
309 41019.6
310 42791.4
311 42454.5
312 41321.1
313 42037.7
314 42314.1
315 42314.1
316 41412.9
317 41829.9
318 42247.9
319 41397.5
320 41222.7
321 41669.9
322 41381.4
323 41734.2
324 42260.4
325 42142.8
326 42292.6
327 41843.2
328 41200.9
329 41200.9
330 42004.7
331 42259.5
332 40831.3
333 41891.1
334 42071.5
335 41586.1
336 40599.6
337 40901.1
338 42173.2
339 42534.4
340 41534.8
341 42189.5
342 41518.2
343 42087
344 42504.9
345 42701
346 42418.6
347 41131.9
348 43123.8
349 42198.3
350 42129
351 42540.5
352 40508.9
353 41959
354 42011.3
355 42037.7
356 41706
357 41905.2
358 41375
359 41895.2
360 42286.7
361 43669.9
362 43076.5
363 42868.1
364 42452.8
365 42557.6
366 42619.4
367 42204.2
368 42409.5
369 41915.3
370 42458.7
371 42909
372 43267.1
373 42598.8
374 42955.4
375 43087.2
376 42627.3
377 42152.7
378 42383.8
379 41233.1
380 42331.4
381 42942.8
382 44022.8
383 43441.4
384 42364.6
385 41720.5
386 42693
387 42084
388 42945.6
389 41300.5
390 41736.8
391 41990.7
392 42919.3
393 42338.2
394 42533.3
395 42395.7
396 42275.7
397 42155.1
398 41864.2
399 42249.1
400 41937
401 41408.7
402 42832.3
403 42242.9
404 41337.6
405 42588.3
406 42155
407 42209.5
408 42577.7
409 42990.6
410 42491.2
411 41260.4
412 40665.9
413 42042.5
414 42748.4
415 42132.8
416 40773
417 41543.6
418 41386.2
419 41833.3
420 41132.8
421 41669.6
422 41641.8
423 41406.4
424 41999.6
425 42138.9
426 41883.3
427 42623.9
428 41872.9
429 41411.6
430 41897.9
431 43339.7
432 43998.1
433 42263.7
434 43041.6
435 43381.9
436 43539.9
437 43250.9
438 41142.1
439 41815
440 41567.8
441 42194
442 42490.5
443 42491.9
444 43095.6
445 42823.4
446 43194
447 42130.7
448 42752.8
449 42298.6
450 41709.8
451 41253.7
452 41291.4
453 41146.5
454 40974.9
455 41248.2
456 42112.3
457 43065.6
458 43179.4
459 43378.7
460 41799.5
461 41833.3
462 42444.9
463 42277.1
464 40104.4
465 39942.4
466 42863.5
467 41982
468 42188.5
469 42488.4
470 42431.1
471 42501.4
472 41578.6
473 41586.6
474 40866.8
475 41019.4
476 40711.8
477 40219.3
478 40473.6
479 40275.6
480 40076
481 41153.6
482 41208
483 41749.5
484 41320.2
485 41583.3
486 42160.8
487 42569.1
488 42669.7
489 42418.2
490 42050.2
491 42369.7
492 41581.3
493 42046.8
494 43112.2
495 41964.1
496 42347.5
497 41332.5
498 41861.7
499 42559.9
500 41867
501 42514.8
502 42214.7
503 42328.9
504 42351.7
505 41385.3
506 41668.6
507 41962.6
508 40995.2
509 41439.4
510 42841.9
511 42321.7
512 41237.4
513 42743.9
514 42005.4
515 42155.8
516 41835.1
517 41520.7
518 43330.7
519 43465.6
520 42219.6
521 42401.4
522 42594.5
523 43547
524 42878.9
525 42308.9
526 41954.7
527 42173.7
528 42446.5
529 42154.4
530 42239.6
531 41604.7
532 42168.7
533 42575.4
534 42214.7
535 42162.1
536 41844.9
537 40403.3
538 42261.9
539 42538
540 42944.5
541 41608.6
542 42725.2
543 41121.5
544 41744.1
545 42652.9
546 41409.9
547 42446
548 42144
549 42029.3
550 42029.3
551 41985.5
552 42339.4
553 41232
554 41268.4
555 42299
556 42662.6
557 43105
558 42313.3
559 41540.5
560 43096.1
561 43331.1
562 42689.3
563 42411.1
564 42286.1
565 42260.8
566 42282.5
567 42588.3
568 42943.5
569 42097.8
570 42160.9
571 43241.6
572 42307.4
573 41043.7
574 43680.6
575 43173.6
576 42394.3
577 43086.7
578 41064.7
579 42043.8
580 41143
581 41715.3
582 41742.5
583 41045
584 41523.8
585 41069.2
586 41908.9
587 40941.4
588 39943.2
589 41178.1
590 42063.6
591 39994.8
592 41186.7
593 41157.2
594 41564.9
595 41006.2
596 41994.3
597 42630.5
598 42615.8
599 41623.7
600 41527.2
601 42174.8
602 41510.5
603 42101.9
604 41693.7
605 41875.7
606 42143.3
607 40879
608 42478.7
609 42125.5
610 43156.7
611 40500.9
612 42535.3
613 42467.9
614 41248.2
615 41640.8
616 42016.7
617 42286.8
618 41597.1
619 39870
620 41981.5
621 42464.2
622 42317.9
623 41895.9
624 42085.8
625 42606
626 41429.5
627 41787.9
628 42257.9
629 40635.4
630 40305.8
631 41161.1
632 41158.8
633 41453.5
634 40388.4
635 40970
636 38721.1
637 39316.7
638 40133.3
639 39166.9
640 41764
641 42306.2
642 43385.9
643 43356.2
644 42374.3
645 41126.9
646 41092.8
647 41582.9
648 41353.7
649 43440.1
650 41119
651 40748.1
652 40708.7
653 40708.7
654 42696.9
655 42072.1
656 42224.9
657 40894.4
658 42966.3
659 43059
660 41410.3
661 42030.9
662 43098.5
663 43230.7
664 41442.6
665 41327.7
666 41437.1
667 42181.4
668 42441.9
669 42970.7
670 41728.2
671 42556.8
672 42612.4
673 42455.7
674 42986.4
675 42321.6
676 41487.5
677 42437.1
678 42555.4
679 43103.7
680 43617.6
681 43695.6
682 42086.3
683 41481.8
684 42557.3
685 41516.1
686 42582.8
687 42869
688 42772.1
689 41858.3
690 42822.8
691 40626.9
692 41386.5
693 40756.6
694 42992.1
695 41977.4
696 42074.5
697 42297.1
698 42297.1
699 41625.7
700 40874
701 41744.2
702 41527.7
703 42221.1
704 42036.2
705 40983.3
706 43024.7
707 41629.8
708 41556.5
709 41810.5
710 41586.8
711 41042.7
712 42363.3
713 42137.1
714 42873.6
715 42693.5
716 42196.1
717 41726.5
718 42842.9
719 42409.3
720 42647.4
721 42726.3
722 42077.8
723 39271.2
724 42173.1
725 42681.9
726 41697.9
727 41520.4
728 40765
729 40765
730 42330.2
731 42865.9
732 42384.2
733 42722.2
734 42096
735 40921
736 42134.4
737 42349.9
738 42728.7
739 43407.9
740 42807.7
741 43105.2
742 43023.6
743 43578.8
744 42945.4
745 42691.8
746 42930
747 40553.3
748 41222.4
749 41702.4
750 43709.8
751 43067.1
752 41534.7
753 43371.7
754 43140.8
755 42630.2
756 43395
757 42879.3
758 43131.2
759 42678.7
760 42119.7
761 42119.7
762 43045.9
763 42197.9
764 41406.9
765 40959
766 41208.1
767 42555.9
768 42998.7
769 42625.5
770 40878.3
771 41707.3
772 40954.4
773 41556.8
774 42521.3
775 42378.5
776 41138.7
777 42071.4
778 42061.6
779 42870.3
780 42870.3
781 42258.5
782 42158.9
783 42279.6
784 42167.6
785 43444.9
786 42957.9
787 42684.1
788 43185.6
789 42742.1
790 42897.1
791 41854.4
792 42613.1
793 41598.2
794 42400.3
795 42997.5
796 42167.6
797 42563
798 42808.8
799 43184.3
800 43069.8
801 42360.6
802 42659.2
803 40784.3
804 41979.3
805 41696.3
806 41689.9
807 42520
808 42128.5
809 42026.3
810 41839.5
811 41922
812 42337.5
813 42255.2
814 40913.1
815 42080
816 42742.5
817 42910.3
818 42913.5
819 43060.6
820 42581.8
821 43099.6
822 42225.7
823 42996.8
824 41491.8
825 42050
826 42129.2
827 41309.2
828 42472
829 41335.9
830 42507.9
831 42783.8
832 42874.2
833 40888.9
834 41929.5
835 40986.8
836 41949.3
837 41237.2
838 42231.2
839 42651
840 43283.5
841 42353
842 42665.3
843 42455.6
844 43045.2
845 41704.8
846 42391.4
847 41975.7
848 42137.3
849 42339.4
850 42678.2
851 43125.5
852 41231.3
853 40984.7
854 42534.6
855 42329.1
856 42505.6
857 42796.5
858 43493.4
859 41520.5
860 41976.9
861 42476.4
862 42348.6
863 43202.8
864 43321
865 43383.5
866 43288
867 43681.1
868 44075.3
869 43702.6
870 44504.5
871 44097.5
872 44282.2
873 44218.2
874 43297.5
875 42949.3
876 43787.6
877 41735.4
878 41777
879 41634.7
880 41763.7
881 41030
882 42802.3
883 41418.9
884 43334.7
885 42813.6
886 43105.1
887 42741.3
888 41827.9
889 41873.3
890 42153.4
891 41681
892 42243.3
893 42004.6
894 40395.6
895 42480.7
896 42685.1
897 42671.3
898 42574.8
899 41647.4
900 41450.1
901 41623.4
902 41474.5
903 41680
904 42029.4
905 42753.1
906 42170.6
907 42967.3
908 42821.4
909 40925.9
910 41164.5
911 41289.3
912 41973.3
913 41793.4
914 42101.5
915 41571.9
916 42114.4
917 42325.8
918 42586.5
919 42908.2
920 42382.7
921 43169.9
922 42464.4
923 42328.8
924 41943.2
925 42090.7
926 42244.8
927 41746.7
928 41561.7
929 42050
930 42159
931 42167.7
932 41868.8
933 41569
934 41555.7
935 41461.4
936 42074
937 42028.8
938 42530.4
939 40916.3
940 40696.9
941 41401.8
942 40890
943 41493.4
944 42159.5
945 41875.9
946 42042.2
947 41900.3
948 40996.9
949 40201.8
950 41783
951 41271.9
952 42791.5
953 42634.2
954 42041.9
955 42153.1
956 40448.6
957 43113.8
958 43191.7
959 42539.4
960 42248.9
961 42689.6
962 43580.1
963 43199.7
964 42816.2
965 43635
966 42403.8
967 42235.5
968 41261.3
969 42714.3
970 41414.5
971 42207.5
972 42422.6
973 42276.5
974 41138.8
975 41702.5
976 41121.8
977 41962.1
978 42265.9
979 41353.5
980 42082.7
981 42077.4
982 43022.7
983 42306.3
984 41552.8
985 40785.9
986 42104.8
987 42186.4
988 41559
989 41562
990 42582.8
991 42160.3
992 40801.7
993 42110.3
994 42376.7
995 41287.4
996 41311.8
997 41340.7
998 41791.8
999 42290
1000 42042.8
1001 41149.6
1002 41925.2
1003 41489.7
1004 42951.6
1005 43219.9
1006 41959.1
1007 41751.2
1008 41556.9
1009 41896.9
1010 41122.2
1011 42090.4
1012 41525.6
1013 42049
1014 41634.8
1015 41204.3
1016 42264.8
1017 42822.6
1018 42649.8
1019 42839.2
1020 42479
1021 41734.3
1022 41608.4
1023 41432.3
1024 42948.8
1025 42802.1
1026 42950.4
1027 41741.5
1028 42658.6
1029 43091.6
1030 43199.2
1031 43075.1
1032 42564.1
1033 42173.6
1034 42614.1
1035 42855.5
1036 42860.2
1037 42706
1038 41597.2
1039 41636.9
1040 42171
1041 41689
1042 41575.4
1043 41598.9
1044 42767.3
1045 42580.8
1046 42563.4
1047 41678
1048 41312.8
1049 42289.9
1050 41396
1051 40274.2
1052 40274.2
1053 41171.6
1054 41751.8
1055 43768.4
1056 42336.4
1057 43256.3
1058 43269.7
1059 42047.3
1060 42454.2
1061 42583.5
1062 43237.5
1063 42266.5
1064 42024.4
1065 41860.5
1066 39011.1
1067 41399.1
1068 43016.2
1069 42743.3
1070 43095.9
1071 42280.5
1072 41342.4
1073 42154.2
1074 42584.2
1075 43000.1
1076 41822.5
1077 43099.1
1078 42960.7
1079 41586.7
1080 43107.3
1081 42470.6
1082 41644.1
1083 42039.3
1084 41605.8
1085 42600.3
1086 41264.4
1087 42010.6
1088 41456.4
1089 41737.8
1090 42511.8
1091 43411.2
1092 42561.3
1093 42947.9
1094 40185.6
1095 41371.4
1096 41739.8
1097 41970.9
1098 42526.1
1099 40316.7
1100 42211.5
1101 41579.9
1102 41522.1
1103 39717.4
1104 42506.8
1105 41642.2
1106 41957.3
1107 41957.3
1108 41367.5
1109 42213.1
1110 42004.3
1111 42309.2
1112 42728.3
1113 42391.8
1114 41782.9
1115 41869.9
1116 42845.7
1117 41916.4
1118 42983.1
1119 41505
1120 42321.4
1121 42021.6
1122 41836.8
1123 42188.1
1124 42276.6
1125 43190.6
1126 43657.4
1127 41067.9
1128 41653
1129 41653
1130 42598.5
1131 42841.5
1132 42233.3
1133 42399.7
1134 42709.5
1135 42173.1
1136 42489.1
1137 42671.6
1138 42627
1139 43552.9
1140 43364.2
1141 42243.1
1142 42243.1
1143 43601.8
1144 43311.2
1145 43499.6
1146 43212.7
1147 43384.4
1148 42668.5
1149 43310.9
1150 42003.3
1151 43078.8
1152 43187.6
1153 42756.8
1154 41925.7
1155 42455.2
1156 42910.4
1157 42197.6
1158 41515.7
1159 41917.1
1160 43390.8
1161 42804.5
1162 42293.4
1163 41838.3
1164 42028
1165 40784.7
1166 41897.3
1167 42600.9
1168 42607.1
1169 42635.4
1170 42973.4
1171 41829.8
1172 42404
1173 42317.4
1174 42582.4
1175 41893
1176 41743.4
1177 41476.5
1178 42748.7
1179 41707.5
1180 43405.6
1181 42609.6
1182 42506.7
1183 41886.1
1184 42126.8
1185 41426.5
1186 41905.2
1187 42523.8
1188 41280.7
1189 41462.7
1190 41521.4
1191 42723.7
1192 41539.5
1193 42683.4
1194 42883.3
1195 41388.6
1196 40600.8
1197 42339.9
1198 42477.6
1199 42596.4
1200 43560.3
1201 41210.2
1202 40583.6
1203 40400.4
1204 41156.1
1205 39911.7
1206 39745.5
1207 40277.2
1208 41544.8
1209 42053.1
1210 40435.3
1211 41880.2
1212 40245.1
1213 43330.7
1214 42903.3
1215 41971.2
1216 42826.7
1217 42442.2
1218 43529.6
1219 42809
1220 43089.2
1221 43515.7
1222 42478.3
1223 42538.3
1224 42603.9
1225 42558.8
1226 43933.2
1227 43118.3
1228 42892.2
1229 43519.6
1230 43899
1231 43041.9
1232 42988.9
1233 43534.4
1234 42273.5
1235 42811.9
1236 43900.9
1237 42224.6
1238 43312.1
1239 43545.6
1240 42943.3
1241 41328.6
1242 43167.5
1243 41660.8
1244 42308.2
1245 42290.5
1246 41458.7
1247 41334.6
1248 41615.7
1249 40491.4
1250 42830.8
1251 42326.6
1252 43175.6
1253 41687.7
1254 41817.4
1255 41986.7
1256 42368.8
1257 42293.9
1258 41376.6
1259 40731.5
1260 40711.6
1261 40711.6
1262 41489.2
1263 41966.5
1264 41939.3
1265 40728.2
1266 40728.2
1267 42099.1
1268 41231.5
1269 41625
1270 41241.8
1271 40425.8
1272 41871.9
1273 42651.1
1274 43151.1
1275 40484.8
1276 42566.7
1277 42439.6
1278 43284.5
1279 42207.6
1280 43147.8
1281 40882.8
1282 41095.3
1283 41757.5
